0.00012359023094177246
0.0
0.0
6.735324859619141e-06
0.0001443028450012207
0.9994374513626099
0.9998899698257446
0.00010308623313903809
0.00013110041618347168
0.0001900792121887207
0.9997042417526245
0.9998820424079895
0.000338137149810791
0.00025731325149536133
0.0005407333374023438
0.9996057748794556
0.9994238615036011
0.000393599271774292
4.3004751205444336e-05
0.00030040740966796875
0.9989790916442871
0.9987438917160034
0.0013715028762817383
0.00038626790046691895
0.0006560087203979492
2.6792287826538086e-05
3.6656856536865234e-06
4.023313522338867e-06
6.973743438720703e-06
2.9802322387695312e-08
1.1354684829711914e-05
0.0006008744239807129
0.006257206201553345
0.9938040971755981
0.9964994192123413
0.0022569000720977783
0.09077703952789307
0.8940742015838623
0.9816416501998901
0.00848013162612915
0.9891307950019836
0.995419979095459
0.0034991204738616943
0.003373950719833374
0.9943304061889648
0.7982451915740967
0.1922803521156311
0.9865913391113281
0.024344414472579956
0.9728481769561768
0.44999998807907104
